87 4
109 42 155 9 176 210 187 202 110 28 137 111
226 28 23 98 137 98 43 157 120 29 57 99
3 173 115 128 108 192 192 123 147 133 235 42
103 2 133 196 195 182 152 89 12 222 221 162
34 173 57 98 188 192 195 218 243 9 73 246
68 151 57 62 105 96 137 104 134 239 253 28
177 158 21 139 160 176 105 47 236 65 228 128
172 176 146 205 24 203 202 152 212 14 113 104
193 111 93 122 227 178 66 58 53 212 5 74
59 125 7 101 213 146 165 198 216 200 94 57
146 26 77 34 49 163 8 211 191 81 0 76
169 12 128 6 35 63 24 41 224 234 39 8
145 39 32 0 204 51 196 15 248 226 220 81
14 217 108 61 37 97 156 106 207 40 10 137
115 151 64 149 81 131 133 134 203 243 99 168
227 28 110 82 37 189 190 30 129 34 201 38
94 183 89 97 177 26 127 208 1 162 31 35
28 28 41 216 221 114 197 149 164 153 130 99
226 168 161 142 171 118 1 136 201 142 81 134
81 202 101 53 34 217 148 81 240 8 105 81
148 108 191 63 99 134 132 74 66 190 77 72
61 145 190 140 118 207 93 214 58 180 146 134
12 147 215 120 64 76 90 9 39 213 21 29
154 109 82 72 175 106 176 120 223 118 22 186
42 97 16 123 189 33 182 76 22 240 160 67
97 29 148 137 216 92 5 176 0 41 214 50
108 64 9 219 122 46 196 129 4 107 230 82
10 199 85 122 22 90 118 29 249 126 189 63
148 196 156 162 113 178 106 2 79 13 41 235
101 11 157 40 61 194 38 147 74 81 67 175
86 138 87 99 59 116 98 1 201 69 137 72
46 49 151 96 164 52 129 82 51 55 30 209
125 121 191 64 170 13 130 186 222 25 156 231
93 106 75 186 99 151 137 52 182 142 71 30
10 178 122 192 22 83 73 16 142 82 66 150
61 4 190 91 179 7 107 203 63 162 223 16
121 64 42 126 64 61 214 94 111 232 39 154
42 91 31 184 26 23 7 19 76 215 101 26
19 95 139 17 14 103 220 183 78 45 52 190
208 87 64 118 148 36 108 11 31 63 211 89
174 206 93 7 155 52 100 95 226 231 72 97
38 201 194 144 95 8 181 165 29 189 226 58
110 103 96 206 155 188 49 192 91 244 175 72
150 145 131 175 176 98 113 8 33 140 90 165
41 19 82 219 99 139 73 187 212 179 165 121
125 190 204 90 125 85 137 80 37 131 217 168
184 2 131 208 154 85 96 74 78 106 2 0
141 29 49 183 79 40 202 63 104 255 53 168
185 191 207 165 142 184 65 187 122 165 115 83
124 44 95 105 176 94 145 144 51 101 0 30
194 123 95 192 5 199 100 79 121 137 216 75
206 40 78 209 126 23 159 216 206 71 248 190
39 148 218 187 58 74 175 70 100 53 130 148
10 210 207 202 1 85 172 125 33 235 187 83
177 48 138 157 147 183 44 189 229 108 89 35
224 124 86 175 179 80 48 44 232 145 44 21
144 117 148 31 51 108 74 53 97 168 218 80
96 112 179 117 132 114 185 89 208 184 200 148
30 152 68 60 75 95 56 85 48 83 46 149
30 51 11 133 62 200 26 182 241 15 21 30
207 16 90 117 109 196 60 213 201 118 205 151
144 121 7 188 153 4 59 115 192 114 232 62
46 11 101 77 65 156 191 106 216 230 8 33
6 18 35 138 59 139 152 47 49 211 253 128
88 157 23 202 114 79 106 23 173 183 182 80
86 15 76 155 170 158 105 1 4 184 134 200
216 85 174 170 65 108 206 95 149 145 91 130
162 5 200 117 60 174 46 43 169 213 95 85
219 4 67 191 17 77 70 184 5 223 214 167
173 155 176 195 95 123 91 93 36 47 231 205
202 165 43 16 50 103 216 165 110 112 94 193
200 102 171 145 21 52 31 144 182 123 98 21
35 16 222 159 195 69 48 16 4 15 55 192
84 154 22 70 32 86 23 47 135 129 160 93
100 47 49 123 169 160 63 124 240 119 19 53
207 11 160 155 156 127 133 53 1 76 222 107
156 128 132 172 40 57 19 219 80 235 136 188
214 152 221 54 59 83 172 89 103 181 138 216
204 38 61 173 121 213 201 52 105 94 135 15
208 204 227 141 225 44 221 3 200 175 75 170
21 19 25 173 131 204 163 204 183 28 139 83
163 129 120 32 77 173 43 162 129 100 176 146
32 69 177 140 134 142 222 82 53 3 40 14
73 12 89 72 56 121 146 192 68 46 161 121
147 117 200 166 180 16 149 209 116 5 161 176
62 159 3 160 172 143 145 120 180 238 18 177
151 135 81 32 59 130 79 171 191 247 146 32
